Enumerate Results:
Input: [1, 2, 4, -1, 4, -10, 4, -19, 18, -1, -3, -4, 11, 3, -20, 19, -33, 50, 66, -22, -4, -55, 91, 100, -102, 9, 10, 19, -10, 10, 11, 11, -10, -18, 50, 90]
Sum: 296
Subarray: [50, 66, -22, -4, -55, 91, 100, -102, 9, 10, 19, -10, 10, 11, 11, -10, -18, 50, 90]

Input: [12, 12, 14, -88, -1, 45, 6, 8, -33, 2, 8, -9, -33, -8, -23, -77, -89, 1, 9, 10, 92, 87]
Sum: 199
Subarray: [1, 9, 10, 92, 87]

Input: [565, 78, 33, 9, 10, 84, 71, -4, -22, -55, -10, 76, -9, -9, -11, 76, 89, 11, 10, -33, 9]
Sum: 992
Subarray: [565, 78, 33, 9, 10, 84, 71, -4, -22, -55, -10, 76, -9, -9, -11, 76, 89, 11, 10]

Input: [2, 3, 3, 3, 3, 3, 3, 3, 3, 3, 3, 3, 3, 3, 3, 3, 3, 3, 3, 3, 3, 3, 3, 3, 3, 3, 3, 3, 3, 3, 3]
Sum: 92
Subarray: [2, 3, 3, 3, 3, 3, 3, 3, 3, 3, 3, 3, 3, 3, 3, 3, 3, 3, 3, 3, 3, 3, 3, 3, 3, 3, 3, 3, 3, 3, 3]

Input: [2]
Sum: 2
Subarray: [2]

Input: [-1, -1, -1, -1, -1, -100, -10, -10, 100, 100, 100, 100, -100, 100, 10, -10, -1]
Sum: 410
Subarray: [100, 100, 100, 100, -100, 100, 10]

Input: [12, 23, 44, -17, 12, 14, -88, -1, 45, 6, 8, -33, 2, 8, -9, -33, -8, -23, -77, -89, 1, 9, 13, -25, 10, 92, 57, 99, -22]
Sum: 258
Subarray: [10, 92, 57, 99]

Better Enumerate Results:
Input: [1, 2, 4, -1, 4, -10, 4, -19, 18, -1, -3, -4, 11, 3, -20, 19, -33, 50, 66, -22, -4, -55, 91, 100, -102, 9, 10, 19, -10, 10, 11, 11, -10, -18, 50, 90]
Sum: 296
Subarray: [50, 66, -22, -4, -55, 91, 100, -102, 9, 10, 19, -10, 10, 11, 11, -10, -18, 50, 90]

Input: [12, 12, 14, -88, -1, 45, 6, 8, -33, 2, 8, -9, -33, -8, -23, -77, -89, 1, 9, 10, 92, 87]
Sum: 199
Subarray: [1, 9, 10, 92, 87]

Input: [565, 78, 33, 9, 10, 84, 71, -4, -22, -55, -10, 76, -9, -9, -11, 76, 89, 11, 10, -33, 9]
Sum: 992
Subarray: [565, 78, 33, 9, 10, 84, 71, -4, -22, -55, -10, 76, -9, -9, -11, 76, 89, 11, 10]

Input: [2, 3, 3, 3, 3, 3, 3, 3, 3, 3, 3, 3, 3, 3, 3, 3, 3, 3, 3, 3, 3, 3, 3, 3, 3, 3, 3, 3, 3, 3, 3]
Sum: 92
Subarray: [2, 3, 3, 3, 3, 3, 3, 3, 3, 3, 3, 3, 3, 3, 3, 3, 3, 3, 3, 3, 3, 3, 3, 3, 3, 3, 3, 3, 3, 3, 3]

Input: [2]
Sum: 2
Subarray: [2]

Input: [-1, -1, -1, -1, -1, -100, -10, -10, 100, 100, 100, 100, -100, 100, 10, -10, -1]
Sum: 410
Subarray: [100, 100, 100, 100, -100, 100, 10]

Input: [12, 23, 44, -17, 12, 14, -88, -1, 45, 6, 8, -33, 2, 8, -9, -33, -8, -23, -77, -89, 1, 9, 13, -25, 10, 92, 57, 99, -22]
Sum: 258
Subarray: [10, 92, 57, 99]

Divide and Conquer Results:
Input: [1, 2, 4, -1, 4, -10, 4, -19, 18, -1, -3, -4, 11, 3, -20, 19, -33, 50, 66, -22, -4, -55, 91, 100, -102, 9, 10, 19, -10, 10, 11, 11, -10, -18, 50, 90]
Sum: 296
Subarray: [50, 66, -22, -4, -55, 91, 100, -102, 9, 10, 19, -10, 10, 11, 11, -10, -18, 50, 90]

Input: [12, 12, 14, -88, -1, 45, 6, 8, -33, 2, 8, -9, -33, -8, -23, -77, -89, 1, 9, 10, 92, 87]
Sum: 199
Subarray: [6, 8, -33, 2, 8]

Input: [565, 78, 33, 9, 10, 84, 71, -4, -22, -55, -10, 76, -9, -9, -11, 76, 89, 11, 10, -33, 9]
Sum: 992
Subarray: [565, 78, 33, 9, 10, 84, 71, -4, -22, -55, -10, 76, -9, -9, -11, 76, 89, 11, 10]

Input: [2, 3, 3, 3, 3, 3, 3, 3, 3, 3, 3, 3, 3, 3, 3, 3, 3, 3, 3, 3, 3, 3, 3, 3, 3, 3, 3, 3, 3, 3, 3]
Sum: 92
Subarray: [2, 3, 3, 3, 3, 3, 3, 3, 3, 3, 3, 3, 3, 3, 3, 3, 3, 3, 3, 3, 3, 3, 3, 3, 3, 3, 3, 3, 3, 3, 3]

Input: [2]
Sum: 2
Subarray: [2]

Input: [-1, -1, -1, -1, -1, -100, -10, -10, 100, 100, 100, 100, -100, 100, 10, -10, -1]
Sum: 410
Subarray: [100, 100, 100, 100, -100, 100, 10]

Input: [12, 23, 44, -17, 12, 14, -88, -1, 45, 6, 8, -33, 2, 8, -9, -33, -8, -23, -77, -89, 1, 9, 13, -25, 10, 92, 57, 99, -22]
Sum: 258
Subarray: [8, -33, 2, 8]

Linear Results:
Input: [1, 2, 4, -1, 4, -10, 4, -19, 18, -1, -3, -4, 11, 3, -20, 19, -33, 50, 66, -22, -4, -55, 91, 100, -102, 9, 10, 19, -10, 10, 11, 11, -10, -18, 50, 90]
Sum: 296
Subarray: [50, 66, -22, -4, -55, 91, 100, -102, 9, 10, 19, -10, 10, 11, 11, -10, -18, 50, 90]

Input: [12, 12, 14, -88, -1, 45, 6, 8, -33, 2, 8, -9, -33, -8, -23, -77, -89, 1, 9, 10, 92, 87]
Sum: 199
Subarray: [1, 9, 10, 92, 87]

Input: [565, 78, 33, 9, 10, 84, 71, -4, -22, -55, -10, 76, -9, -9, -11, 76, 89, 11, 10, -33, 9]
Sum: 992
Subarray: [565, 78, 33, 9, 10, 84, 71, -4, -22, -55, -10, 76, -9, -9, -11, 76, 89, 11, 10]

Input: [2, 3, 3, 3, 3, 3, 3, 3, 3, 3, 3, 3, 3, 3, 3, 3, 3, 3, 3, 3, 3, 3, 3, 3, 3, 3, 3, 3, 3, 3, 3]
Sum: 92
Subarray: [2, 3, 3, 3, 3, 3, 3, 3, 3, 3, 3, 3, 3, 3, 3, 3, 3, 3, 3, 3, 3, 3, 3, 3, 3, 3, 3, 3, 3, 3, 3]

Input: [2]
Sum: 2
Subarray: [2]

Input: [-1, -1, -1, -1, -1, -100, -10, -10, 100, 100, 100, 100, -100, 100, 10, -10, -1]
Sum: 410
Subarray: [100, 100, 100, 100, -100, 100, 10]

Input: [12, 23, 44, -17, 12, 14, -88, -1, 45, 6, 8, -33, 2, 8, -9, -33, -8, -23, -77, -89, 1, 9, 13, -25, 10, 92, 57, 99, -22]
Sum: 258
Subarray: [10, 92, 57, 99]

